G3dErrFileVersion 2025R1
FlagFileMetaData Begin
   Mesh Size - Setup1, Refinement, Pass #1, Freq. 2.400000e+09 :Title    
   Listing of mesh elements with poor quality. :ToolTip  
   hf3d :Author   
   1754051300 :TimeStamp
   mm :UnitName 
   1.0000000000000000e-03 :UnitConv
FlagFileMetaData End
BEGIN_ERR 
26 Small mesh segment detected on body : Box1
 Small mesh segment detected on body : Box1 
 Segment Statistics - Number of Segments : 1 --- Segment length(s) : 0.187500mm. The cutoff frequency for S-Matrix Only Solve is 3.33102731111111MHz 
3 -1  19  92  # nfids, fids[]
2 118  -1  # nbids, bids[]
      5 4 1 0 #ntets ntri ned npts
           5.6363329475308532e-03  -2.2505636332947532e+01   3.5000000000000000e+01 #xyz tv0
           1.3125000000000000e+00  -1.8250000000000000e+01   1.6000000000000001e+00 #xyz tv1
           1.5000000000000000e+00  -1.9500000000000000e+01   1.6000000000000001e+00 #xyz tv2
           1.5000000000000000e+00  -1.8250000000000000e+01   1.6000000000000001e+00 -1 118 #xyz tv3 fid bid
           1.3125000000000000e+00  -1.8250000000000000e+01   1.6000000000000001e+00 #xyz tv0
           7.5000000000000000e-01  -1.9500000000000000e+01   8.0000000000000004e-01 #xyz tv1
           1.5000000000000000e+00  -1.9500000000000000e+01   1.6000000000000001e+00 #xyz tv2
           1.5000000000000000e+00  -1.8250000000000000e+01   1.6000000000000001e+00 -1 118 #xyz tv3 fid bid
           2.2500000000000004e+00  -1.7000000000000000e+01   1.6000000000000001e+00 #xyz tv0
           5.6363329475308532e-03  -2.2505636332947532e+01   3.5000000000000000e+01 #xyz tv1
           1.5000000000000000e+00  -1.8250000000000000e+01   1.6000000000000001e+00 #xyz tv2
           1.3125000000000000e+00  -1.8250000000000000e+01   1.6000000000000001e+00 -1 118 #xyz tv3 fid bid
           1.5000000000000000e+00  -1.8250000000000000e+01   1.6000000000000001e+00 #xyz tv0
           7.5000000000000000e-01  -1.9500000000000000e+01   8.0000000000000004e-01 #xyz tv1
           7.4999999999999978e-01  -1.9500000000000000e+01  -1.7347234759768071e-16 #xyz tv2
           1.3125000000000000e+00  -1.8250000000000000e+01   1.6000000000000001e+00 -1 118 #xyz tv3 fid bid
           2.2500000000000004e+00  -1.7000000000000000e+01   1.6000000000000001e+00 #xyz tv0
           1.5000000000000000e+00  -1.8250000000000000e+01   1.6000000000000001e+00 #xyz tv1
           7.4999999999999978e-01  -1.9500000000000000e+01  -1.7347234759768071e-16 #xyz tv2
           1.3125000000000000e+00  -1.8250000000000000e+01   1.6000000000000001e+00 -1 118 #xyz tv3 fid bid
           1.5000000000000000e+00  -1.8250000000000000e+01   1.6000000000000001e+00 #xyz tv0
           2.2500000000000004e+00  -1.7000000000000000e+01   1.6000000000000001e+00 #xyz tv1
           1.3125000000000000e+00  -1.8250000000000000e+01   1.6000000000000001e+00 19 -1 #xyz tv2 fid bid
           1.5000000000000000e+00  -1.8250000000000000e+01   1.6000000000000001e+00 #xyz tv0
           2.2500000000000004e+00  -1.7000000000000000e+01   1.6000000000000001e+00 #xyz tv1
           1.3125000000000000e+00  -1.8250000000000000e+01   1.6000000000000001e+00 92 -1 #xyz tv2 fid bid
           1.3125000000000000e+00  -1.8250000000000000e+01   1.6000000000000001e+00 #xyz tv0
           1.5000000000000000e+00  -1.9500000000000000e+01   1.6000000000000001e+00 #xyz tv1
           1.5000000000000000e+00  -1.8250000000000000e+01   1.6000000000000001e+00 19 -1 #xyz tv2 fid bid
           1.3125000000000000e+00  -1.8250000000000000e+01   1.6000000000000001e+00 #xyz tv0
           1.5000000000000000e+00  -1.9500000000000000e+01   1.6000000000000001e+00 #xyz tv1
           1.5000000000000000e+00  -1.8250000000000000e+01   1.6000000000000001e+00 92 -1 #xyz tv2 fid bid
           1.3125000000000000e+00  -1.8250000000000000e+01   1.6000000000000001e+00 #xyz ev0
           1.5000000000000000e+00  -1.8250000000000000e+01   1.6000000000000001e+00 -1 118 #xyz ev1 fid bid
   0   0.000000000000e+00   0.000000000000e+00   0.000000000000e+00 #flag location
END_ERR 
G3dErrFileVersion 2025R1
FlagFileMetaData Begin
   Mesh Size - Setup1, Refinement, Pass #2, Freq. 2.400000e+09 :Title    
   Listing of mesh elements with poor quality. :ToolTip  
   hf3d :Author   
   1754051303 :TimeStamp
   mm :UnitName 
   1.0000000000000000e-03 :UnitConv
FlagFileMetaData End
BEGIN_ERR 
26 Small mesh segment detected on body : Box1
 Small mesh segment detected on body : Box1 
 Segment Statistics - Number of Segments : 1 --- Segment length(s) : 0.413023mm. The cutoff frequency for S-Matrix Only Solve is 3.33102731111111MHz 
3 -1  21  116  # nfids, fids[]
2 118  -1  # nbids, bids[]
      4 4 1 0 #ntets ntri ned npts
           2.5403995513916016e+00  -1.9500000000000000e+01   1.6000000000000001e+00 #xyz tv0
           2.4375000000000000e+00  -1.9500000000000000e+01   1.2000000000000000e+00 #xyz tv1
          -2.8152721284846747e+00  -2.5685735194123104e+01   8.1987904286324387e-01 #xyz tv2
           3.0000000000000000e+00  -1.9500000000000000e+01   1.6000000000000001e+00 -1 118 #xyz tv3 fid bid
           2.5403995513916016e+00  -1.9500000000000000e+01   1.6000000000000001e+00 #xyz tv0
          -2.8152721284846747e+00  -2.5685735194123104e+01   8.1987904286324387e-01 #xyz tv1
           2.4375000000000000e+00  -1.9500000000000000e+01   1.2000000000000000e+00 #xyz tv2
           2.0494766235351562e+00  -1.9500000000000000e+01   1.6000000000000001e+00 -1 118 #xyz tv3 fid bid
           2.5403995513916016e+00  -1.9500000000000000e+01   1.6000000000000001e+00 #xyz tv0
           2.2500000000000009e+00  -1.8250000000000000e+01   1.6000000000000001e+00 #xyz tv1
           2.4375000000000000e+00  -1.9500000000000000e+01   1.2000000000000000e+00 #xyz tv2
           3.0000000000000000e+00  -1.9500000000000000e+01   1.6000000000000001e+00 -1 118 #xyz tv3 fid bid
           2.5403995513916016e+00  -1.9500000000000000e+01   1.6000000000000001e+00 #xyz tv0
           2.4375000000000000e+00  -1.9500000000000000e+01   1.2000000000000000e+00 #xyz tv1
           2.2500000000000009e+00  -1.8250000000000000e+01   1.6000000000000001e+00 #xyz tv2
           2.0494766235351562e+00  -1.9500000000000000e+01   1.6000000000000001e+00 -1 118 #xyz tv3 fid bid
           2.5403995513916016e+00  -1.9500000000000000e+01   1.6000000000000001e+00 #xyz tv0
           2.0494766235351562e+00  -1.9500000000000000e+01   1.6000000000000001e+00 #xyz tv1
           2.4375000000000000e+00  -1.9500000000000000e+01   1.2000000000000000e+00 21 -1 #xyz tv2 fid bid
           2.5403995513916016e+00  -1.9500000000000000e+01   1.6000000000000001e+00 #xyz tv0
           2.0494766235351562e+00  -1.9500000000000000e+01   1.6000000000000001e+00 #xyz tv1
           2.4375000000000000e+00  -1.9500000000000000e+01   1.2000000000000000e+00 116 -1 #xyz tv2 fid bid
           2.5403995513916016e+00  -1.9500000000000000e+01   1.6000000000000001e+00 #xyz tv0
           2.4375000000000000e+00  -1.9500000000000000e+01   1.2000000000000000e+00 #xyz tv1
           3.0000000000000000e+00  -1.9500000000000000e+01   1.6000000000000001e+00 21 -1 #xyz tv2 fid bid
           2.5403995513916016e+00  -1.9500000000000000e+01   1.6000000000000001e+00 #xyz tv0
           2.4375000000000000e+00  -1.9500000000000000e+01   1.2000000000000000e+00 #xyz tv1
           3.0000000000000000e+00  -1.9500000000000000e+01   1.6000000000000001e+00 116 -1 #xyz tv2 fid bid
           2.4375000000000000e+00  -1.9500000000000000e+01   1.2000000000000000e+00 #xyz ev0
           2.5403995513916016e+00  -1.9500000000000000e+01   1.6000000000000001e+00 -1 118 #xyz ev1 fid bid
   0   0.000000000000e+00   0.000000000000e+00   0.000000000000e+00 #flag location
END_ERR 
G3dErrFileVersion 2025R1
FlagFileMetaData Begin
   Mesh Size - Setup1, Refinement, Pass #3, Freq. 2.400000e+09 :Title    
   Listing of mesh elements with poor quality. :ToolTip  
   hf3d :Author   
   1754051306 :TimeStamp
   mm :UnitName 
   1.0000000000000000e-03 :UnitConv
FlagFileMetaData End
BEGIN_ERR 
26 Small mesh segment detected on body : Box1
 Small mesh segment detected on body : Box1 
 Segment Statistics - Number of Segments : 1 --- Segment length(s) : 0.403161mm. The cutoff frequency for S-Matrix Only Solve is 3.33102731111111MHz 
3 -1  21  116  # nfids, fids[]
2 118  -1  # nbids, bids[]
      4 4 1 0 #ntets ntri ned npts
           1.9531235473696142e+00  -1.9500000000000000e+01   1.6000000000000001e+00 #xyz tv0
           2.4375000000000000e+00  -1.9500000000000000e+01   1.2000000000000000e+00 #xyz tv1
           3.5907986879828679e+00  -2.4985380746530023e+01   2.4365264318722843e+00 #xyz tv2
           2.4878892566193826e+00  -1.9500000000000000e+01   1.6000000000000001e+00 -1 118 #xyz tv3 fid bid
           2.4375000000000000e+00  -1.9500000000000000e+01   1.2000000000000000e+00 #xyz tv0
           3.5907986879828679e+00  -2.4985380746530023e+01   2.4365264318722843e+00 #xyz tv1
           2.4878892566193826e+00  -1.9500000000000000e+01   1.6000000000000001e+00 #xyz tv2
           3.0000000000000000e+00  -1.9500000000000000e+01   1.6000000000000001e+00 -1 118 #xyz tv3 fid bid
           2.4878892566193826e+00  -1.9500000000000000e+01   1.6000000000000001e+00 #xyz tv0
           2.4375000000000000e+00  -1.9500000000000000e+01   1.2000000000000000e+00 #xyz tv1
           2.2329496880832087e+00  -1.8343862524522535e+01   1.6000000000000001e+00 #xyz tv2
           1.9531235473696142e+00  -1.9500000000000000e+01   1.6000000000000001e+00 -1 118 #xyz tv3 fid bid
           2.4878892566193826e+00  -1.9500000000000000e+01   1.6000000000000001e+00 #xyz tv0
           2.2329496880832087e+00  -1.8343862524522535e+01   1.6000000000000001e+00 #xyz tv1
           2.4375000000000000e+00  -1.9500000000000000e+01   1.2000000000000000e+00 #xyz tv2
           3.0000000000000000e+00  -1.9500000000000000e+01   1.6000000000000001e+00 -1 118 #xyz tv3 fid bid
           2.4878892566193826e+00  -1.9500000000000000e+01   1.6000000000000001e+00 #xyz tv0
           1.9531235473696142e+00  -1.9500000000000000e+01   1.6000000000000001e+00 #xyz tv1
           2.4375000000000000e+00  -1.9500000000000000e+01   1.2000000000000000e+00 21 -1 #xyz tv2 fid bid
           2.4878892566193826e+00  -1.9500000000000000e+01   1.6000000000000001e+00 #xyz tv0
           1.9531235473696142e+00  -1.9500000000000000e+01   1.6000000000000001e+00 #xyz tv1
           2.4375000000000000e+00  -1.9500000000000000e+01   1.2000000000000000e+00 116 -1 #xyz tv2 fid bid
           2.4878892566193826e+00  -1.9500000000000000e+01   1.6000000000000001e+00 #xyz tv0
           2.4375000000000000e+00  -1.9500000000000000e+01   1.2000000000000000e+00 #xyz tv1
           3.0000000000000000e+00  -1.9500000000000000e+01   1.6000000000000001e+00 21 -1 #xyz tv2 fid bid
           2.4878892566193826e+00  -1.9500000000000000e+01   1.6000000000000001e+00 #xyz tv0
           2.4375000000000000e+00  -1.9500000000000000e+01   1.2000000000000000e+00 #xyz tv1
           3.0000000000000000e+00  -1.9500000000000000e+01   1.6000000000000001e+00 116 -1 #xyz tv2 fid bid
           2.4375000000000000e+00  -1.9500000000000000e+01   1.2000000000000000e+00 #xyz ev0
           2.4878892566193826e+00  -1.9500000000000000e+01   1.6000000000000001e+00 -1 118 #xyz ev1 fid bid
   0   0.000000000000e+00   0.000000000000e+00   0.000000000000e+00 #flag location
END_ERR 
G3dErrFileVersion 2025R1
FlagFileMetaData Begin
   Mesh Size - Setup1, Refinement, Pass #4, Freq. 2.400000e+09 :Title    
   Listing of mesh elements with poor quality. :ToolTip  
   hf3d :Author   
   1754051309 :TimeStamp
   mm :UnitName 
   1.0000000000000000e-03 :UnitConv
FlagFileMetaData End
BEGIN_ERR 
26 Small mesh segment detected on body : Box1
 Small mesh segment detected on body : Box1 
 Segment Statistics - Number of Segments : 1 --- Segment length(s) : 0.400650mm. The cutoff frequency for S-Matrix Only Solve is 3.33102731111111MHz 
3 -1  21  116  # nfids, fids[]
2 118  -1  # nbids, bids[]
      4 4 1 0 #ntets ntri ned npts
           1.9098401621702126e+00  -1.9500000000000000e+01   1.6000000000000001e+00 #xyz tv0
           2.4375000000000000e+00  -1.9500000000000000e+01   1.2000000000000000e+00 #xyz tv1
           2.8714116290872580e+00  -2.3439631892524140e+01   1.9223601602977971e+00 #xyz tv2
           2.4603136386728579e+00  -1.9500000000000000e+01   1.6000000000000001e+00 -1 118 #xyz tv3 fid bid
           2.4375000000000000e+00  -1.9500000000000000e+01   1.2000000000000000e+00 #xyz tv0
           2.8714116290872580e+00  -2.3439631892524140e+01   1.9223601602977971e+00 #xyz tv1
           2.4603136386728579e+00  -1.9500000000000000e+01   1.6000000000000001e+00 #xyz tv2
           3.0000000000000000e+00  -1.9500000000000000e+01   1.6000000000000001e+00 -1 118 #xyz tv3 fid bid
           2.4603136386728579e+00  -1.9500000000000000e+01   1.6000000000000001e+00 #xyz tv0
           2.4375000000000000e+00  -1.9500000000000000e+01   1.2000000000000000e+00 #xyz tv1
           2.2177078933413075e+00  -1.8409062614525098e+01   1.6000000000000001e+00 #xyz tv2
           1.9098401621702126e+00  -1.9500000000000000e+01   1.6000000000000001e+00 -1 118 #xyz tv3 fid bid
           2.4603136386728579e+00  -1.9500000000000000e+01   1.6000000000000001e+00 #xyz tv0
           2.2177078933413075e+00  -1.8409062614525098e+01   1.6000000000000001e+00 #xyz tv1
           2.4375000000000000e+00  -1.9500000000000000e+01   1.2000000000000000e+00 #xyz tv2
           3.0000000000000000e+00  -1.9500000000000000e+01   1.6000000000000001e+00 -1 118 #xyz tv3 fid bid
           2.4603136386728579e+00  -1.9500000000000000e+01   1.6000000000000001e+00 #xyz tv0
           1.9098401621702126e+00  -1.9500000000000000e+01   1.6000000000000001e+00 #xyz tv1
           2.4375000000000000e+00  -1.9500000000000000e+01   1.2000000000000000e+00 21 -1 #xyz tv2 fid bid
           2.4603136386728579e+00  -1.9500000000000000e+01   1.6000000000000001e+00 #xyz tv0
           1.9098401621702126e+00  -1.9500000000000000e+01   1.6000000000000001e+00 #xyz tv1
           2.4375000000000000e+00  -1.9500000000000000e+01   1.2000000000000000e+00 116 -1 #xyz tv2 fid bid
           2.4603136386728579e+00  -1.9500000000000000e+01   1.6000000000000001e+00 #xyz tv0
           2.4375000000000000e+00  -1.9500000000000000e+01   1.2000000000000000e+00 #xyz tv1
           3.0000000000000000e+00  -1.9500000000000000e+01   1.6000000000000001e+00 21 -1 #xyz tv2 fid bid
           2.4603136386728579e+00  -1.9500000000000000e+01   1.6000000000000001e+00 #xyz tv0
           2.4375000000000000e+00  -1.9500000000000000e+01   1.2000000000000000e+00 #xyz tv1
           3.0000000000000000e+00  -1.9500000000000000e+01   1.6000000000000001e+00 116 -1 #xyz tv2 fid bid
           2.4375000000000000e+00  -1.9500000000000000e+01   1.2000000000000000e+00 #xyz ev0
           2.4603136386728579e+00  -1.9500000000000000e+01   1.6000000000000001e+00 -1 118 #xyz ev1 fid bid
   0   0.000000000000e+00   0.000000000000e+00   0.000000000000e+00 #flag location
END_ERR 
G3dErrFileVersion 2025R1
FlagFileMetaData Begin
   Mesh Size - Setup1, Refinement, Pass #5, Freq. 2.400000e+09 :Title    
   Listing of mesh elements with poor quality. :ToolTip  
   hf3d :Author   
   1754051311 :TimeStamp
   mm :UnitName 
   1.0000000000000000e-03 :UnitConv
FlagFileMetaData End
BEGIN_ERR 
26 Small mesh segment detected on body : Box1
 Small mesh segment detected on body : Box1 
 Segment Statistics - Number of Segments : 1 --- Segment length(s) : 0.400650mm. The cutoff frequency for S-Matrix Only Solve is 3.33102731111111MHz 
3 -1  21  116  # nfids, fids[]
2 118  -1  # nbids, bids[]
      4 4 1 0 #ntets ntri ned npts
           1.9004379798845719e+00  -1.9500000000000000e+01   1.6000000000000001e+00 #xyz tv0
           2.4375000000000000e+00  -1.9500000000000000e+01   1.2000000000000000e+00 #xyz tv1
           2.8714116290872580e+00  -2.3439631892524140e+01   1.9223601602977971e+00 #xyz tv2
           2.4603136386728579e+00  -1.9500000000000000e+01   1.6000000000000001e+00 -1 118 #xyz tv3 fid bid
           2.4375000000000000e+00  -1.9500000000000000e+01   1.2000000000000000e+00 #xyz tv0
           2.8714116290872580e+00  -2.3439631892524140e+01   1.9223601602977971e+00 #xyz tv1
           2.4603136386728579e+00  -1.9500000000000000e+01   1.6000000000000001e+00 #xyz tv2
           3.0000000000000000e+00  -1.9500000000000000e+01   1.6000000000000001e+00 -1 118 #xyz tv3 fid bid
           2.4603136386728579e+00  -1.9500000000000000e+01   1.6000000000000001e+00 #xyz tv0
           2.4375000000000000e+00  -1.9500000000000000e+01   1.2000000000000000e+00 #xyz tv1
           2.2177078933413075e+00  -1.8409062614525098e+01   1.6000000000000001e+00 #xyz tv2
           1.9004379798845719e+00  -1.9500000000000000e+01   1.6000000000000001e+00 -1 118 #xyz tv3 fid bid
           2.4603136386728579e+00  -1.9500000000000000e+01   1.6000000000000001e+00 #xyz tv0
           2.2177078933413075e+00  -1.8409062614525098e+01   1.6000000000000001e+00 #xyz tv1
           2.4375000000000000e+00  -1.9500000000000000e+01   1.2000000000000000e+00 #xyz tv2
           3.0000000000000000e+00  -1.9500000000000000e+01   1.6000000000000001e+00 -1 118 #xyz tv3 fid bid
           2.4603136386728579e+00  -1.9500000000000000e+01   1.6000000000000001e+00 #xyz tv0
           1.9004379798845719e+00  -1.9500000000000000e+01   1.6000000000000001e+00 #xyz tv1
           2.4375000000000000e+00  -1.9500000000000000e+01   1.2000000000000000e+00 21 -1 #xyz tv2 fid bid
           2.4603136386728579e+00  -1.9500000000000000e+01   1.6000000000000001e+00 #xyz tv0
           1.9004379798845719e+00  -1.9500000000000000e+01   1.6000000000000001e+00 #xyz tv1
           2.4375000000000000e+00  -1.9500000000000000e+01   1.2000000000000000e+00 116 -1 #xyz tv2 fid bid
           2.4603136386728579e+00  -1.9500000000000000e+01   1.6000000000000001e+00 #xyz tv0
           2.4375000000000000e+00  -1.9500000000000000e+01   1.2000000000000000e+00 #xyz tv1
           3.0000000000000000e+00  -1.9500000000000000e+01   1.6000000000000001e+00 21 -1 #xyz tv2 fid bid
           2.4603136386728579e+00  -1.9500000000000000e+01   1.6000000000000001e+00 #xyz tv0
           2.4375000000000000e+00  -1.9500000000000000e+01   1.2000000000000000e+00 #xyz tv1
           3.0000000000000000e+00  -1.9500000000000000e+01   1.6000000000000001e+00 116 -1 #xyz tv2 fid bid
           2.4375000000000000e+00  -1.9500000000000000e+01   1.2000000000000000e+00 #xyz ev0
           2.4603136386728579e+00  -1.9500000000000000e+01   1.6000000000000001e+00 -1 118 #xyz ev1 fid bid
   0   0.000000000000e+00   0.000000000000e+00   0.000000000000e+00 #flag location
END_ERR 
G3dErrFileVersion 2025R1
FlagFileMetaData Begin
   Mesh Size - Setup1, Refinement, Pass #6, Freq. 2.400000e+09 :Title    
   Listing of mesh elements with poor quality. :ToolTip  
   hf3d :Author   
   1754051314 :TimeStamp
   mm :UnitName 
   1.0000000000000000e-03 :UnitConv
FlagFileMetaData End
BEGIN_ERR 
26 Small mesh segment detected on body : Box1
 Small mesh segment detected on body : Box1 
 Segment Statistics - Number of Segments : 1 --- Segment length(s) : 0.400650mm. The cutoff frequency for S-Matrix Only Solve is 3.33102731111111MHz 
3 -1  21  116  # nfids, fids[]
2 118  -1  # nbids, bids[]
      4 4 1 0 #ntets ntri ned npts
           1.8897540999000553e+00  -1.9500000000000000e+01   1.6000000000000001e+00 #xyz tv0
           2.4375000000000000e+00  -1.9500000000000000e+01   1.2000000000000000e+00 #xyz tv1
           2.8714116290872580e+00  -2.3439631892524140e+01   1.9223601602977971e+00 #xyz tv2
           2.4603136386728579e+00  -1.9500000000000000e+01   1.6000000000000001e+00 -1 118 #xyz tv3 fid bid
           2.4375000000000000e+00  -1.9500000000000000e+01   1.2000000000000000e+00 #xyz tv0
           2.8714116290872580e+00  -2.3439631892524140e+01   1.9223601602977971e+00 #xyz tv1
           2.4603136386728579e+00  -1.9500000000000000e+01   1.6000000000000001e+00 #xyz tv2
           3.0000000000000000e+00  -1.9500000000000000e+01   1.6000000000000001e+00 -1 118 #xyz tv3 fid bid
           2.4603136386728579e+00  -1.9500000000000000e+01   1.6000000000000001e+00 #xyz tv0
           2.4375000000000000e+00  -1.9500000000000000e+01   1.2000000000000000e+00 #xyz tv1
           2.2177078933413075e+00  -1.8409062614525098e+01   1.6000000000000001e+00 #xyz tv2
           1.8897540999000553e+00  -1.9500000000000000e+01   1.6000000000000001e+00 -1 118 #xyz tv3 fid bid
           2.4603136386728579e+00  -1.9500000000000000e+01   1.6000000000000001e+00 #xyz tv0
           2.2177078933413075e+00  -1.8409062614525098e+01   1.6000000000000001e+00 #xyz tv1
           2.4375000000000000e+00  -1.9500000000000000e+01   1.2000000000000000e+00 #xyz tv2
           3.0000000000000000e+00  -1.9500000000000000e+01   1.6000000000000001e+00 -1 118 #xyz tv3 fid bid
           2.4603136386728579e+00  -1.9500000000000000e+01   1.6000000000000001e+00 #xyz tv0
           1.8897540999000553e+00  -1.9500000000000000e+01   1.6000000000000001e+00 #xyz tv1
           2.4375000000000000e+00  -1.9500000000000000e+01   1.2000000000000000e+00 21 -1 #xyz tv2 fid bid
           2.4603136386728579e+00  -1.9500000000000000e+01   1.6000000000000001e+00 #xyz tv0
           1.8897540999000553e+00  -1.9500000000000000e+01   1.6000000000000001e+00 #xyz tv1
           2.4375000000000000e+00  -1.9500000000000000e+01   1.2000000000000000e+00 116 -1 #xyz tv2 fid bid
           2.4603136386728579e+00  -1.9500000000000000e+01   1.6000000000000001e+00 #xyz tv0
           2.4375000000000000e+00  -1.9500000000000000e+01   1.2000000000000000e+00 #xyz tv1
           3.0000000000000000e+00  -1.9500000000000000e+01   1.6000000000000001e+00 21 -1 #xyz tv2 fid bid
           2.4603136386728579e+00  -1.9500000000000000e+01   1.6000000000000001e+00 #xyz tv0
           2.4375000000000000e+00  -1.9500000000000000e+01   1.2000000000000000e+00 #xyz tv1
           3.0000000000000000e+00  -1.9500000000000000e+01   1.6000000000000001e+00 116 -1 #xyz tv2 fid bid
           2.4375000000000000e+00  -1.9500000000000000e+01   1.2000000000000000e+00 #xyz ev0
           2.4603136386728579e+00  -1.9500000000000000e+01   1.6000000000000001e+00 -1 118 #xyz ev1 fid bid
   0   0.000000000000e+00   0.000000000000e+00   0.000000000000e+00 #flag location
END_ERR 
