G3dErrFileVersion 2025R1
FlagFileMetaData Begin
   Mesh Size - Auto1, Refinement, Pass #1, Freq. 2.400000e+09 :Title    
   Listing of mesh elements with poor quality. :ToolTip  
   hf3d :Author   
   1754056749 :TimeStamp
   mm :UnitName 
   1.0000000000000000e-03 :UnitConv
FlagFileMetaData End
BEGIN_ERR 
26 Small mesh segment detected on body : Cylinder1_1
 Small mesh segment detected on body : Cylinder1_1 
 Segment Statistics - Number of Segments : 1 --- Segment length(s) : 0.375000mm. The cutoff frequency for S-Matrix Only Solve is 2.16842842597317MHz 
2 -1  45  # nfids, fids[]
2 44  -1  # nbids, bids[]
      4 2 1 0 #ntets ntri ned npts
           5.7402514999999998e-01   1.3858193000000001e+00  -1.8750000007318566e+00 #xyz tv0
           1.0606601700000005e+00   1.0606601700000005e+00  -2.2500000000000018e+00 #xyz tv1
           1.3858193000000001e+00   5.7402514999999998e-01  -1.5000000000000000e+00 #xyz tv2
           5.7402514999999998e-01   1.3858193000000001e+00  -1.5000000000000000e+00 -1 44 #xyz tv3 fid bid
           5.7402514999999998e-01   1.3858193000000001e+00  -1.8750000007318566e+00 #xyz tv0
           1.3858193000000001e+00   5.7402514999999998e-01  -1.5000000000000000e+00 #xyz tv1
           0.0000000000000000e+00   1.5000000000000000e+00  -1.5000000000000000e+00 #xyz tv2
           5.7402514999999998e-01   1.3858193000000001e+00  -1.5000000000000000e+00 -1 44 #xyz tv3 fid bid
           5.7402514999999998e-01   1.3858193000000001e+00  -1.8750000007318566e+00 #xyz tv0
           1.0606601700000005e+00   1.0606601700000005e+00  -2.2500000000000018e+00 #xyz tv1
           5.7402514999999998e-01   1.3858193000000001e+00  -1.5000000000000000e+00 #xyz tv2
           1.5000000000000000e+00   3.0000000000000000e+00  -1.4999999999999967e+00 -1 44 #xyz tv3 fid bid
           5.7402514999999998e-01   1.3858193000000001e+00  -1.8750000007318566e+00 #xyz tv0
           5.7402514999999998e-01   1.3858193000000001e+00  -1.5000000000000000e+00 #xyz tv1
           0.0000000000000000e+00   1.5000000000000000e+00  -1.5000000000000000e+00 #xyz tv2
           1.5000000000000000e+00   3.0000000000000000e+00  -1.4999999999999967e+00 -1 44 #xyz tv3 fid bid
           5.7402514999999998e-01   1.3858193000000001e+00  -1.8750000007318566e+00 #xyz tv0
           1.0606601700000005e+00   1.0606601700000005e+00  -2.2500000000000018e+00 #xyz tv1
           5.7402514999999998e-01   1.3858193000000001e+00  -1.5000000000000000e+00 45 -1 #xyz tv2 fid bid
           5.7402514999999998e-01   1.3858193000000001e+00  -1.5000000000000000e+00 #xyz tv0
           0.0000000000000000e+00   1.5000000000000000e+00  -1.5000000000000000e+00 #xyz tv1
           5.7402514999999998e-01   1.3858193000000001e+00  -1.8750000007318566e+00 45 -1 #xyz tv2 fid bid
           5.7402514999999998e-01   1.3858193000000001e+00  -1.5000000000000000e+00 #xyz ev0
           5.7402514999999998e-01   1.3858193000000001e+00  -1.8750000007318566e+00 -1 44 #xyz ev1 fid bid
   0   0.000000000000e+00   0.000000000000e+00   0.000000000000e+00 #flag location
END_ERR 
G3dErrFileVersion 2025R1
FlagFileMetaData Begin
   Mesh Size - Auto1, Refinement, Pass #2, Freq. 2.400000e+09 :Title    
   Listing of mesh elements with poor quality. :ToolTip  
   hf3d :Author   
   1754056753 :TimeStamp
   mm :UnitName 
   1.0000000000000000e-03 :UnitConv
FlagFileMetaData End
BEGIN_ERR 
26 Small mesh segment detected on body : Cylinder1_1
 Small mesh segment detected on body : Cylinder1_1 
 Segment Statistics - Number of Segments : 1 --- Segment length(s) : 0.375000mm. The cutoff frequency for S-Matrix Only Solve is 2.16842842597317MHz 
2 -1  45  # nfids, fids[]
2 44  -1  # nbids, bids[]
      4 2 1 0 #ntets ntri ned npts
           5.7402514999999998e-01   1.3858193000000001e+00  -1.8750000007318566e+00 #xyz tv0
           1.0606601700000005e+00   1.0606601700000005e+00  -2.2500000000000018e+00 #xyz tv1
           1.3858193000000001e+00   5.7402514999999998e-01  -1.5000000000000000e+00 #xyz tv2
           5.7402514999999998e-01   1.3858193000000001e+00  -1.5000000000000000e+00 -1 44 #xyz tv3 fid bid
           5.7402514999999998e-01   1.3858193000000001e+00  -1.8750000007318566e+00 #xyz tv0
           1.3858193000000001e+00   5.7402514999999998e-01  -1.5000000000000000e+00 #xyz tv1
           0.0000000000000000e+00   1.5000000000000000e+00  -1.5000000000000000e+00 #xyz tv2
           5.7402514999999998e-01   1.3858193000000001e+00  -1.5000000000000000e+00 -1 44 #xyz tv3 fid bid
           5.7402514999999998e-01   1.3858193000000001e+00  -1.8750000007318566e+00 #xyz tv0
           1.0606601700000005e+00   1.0606601700000005e+00  -2.2500000000000018e+00 #xyz tv1
           5.7402514999999998e-01   1.3858193000000001e+00  -1.5000000000000000e+00 #xyz tv2
           1.5000000000000000e+00   3.0000000000000000e+00  -1.4999999999999967e+00 -1 44 #xyz tv3 fid bid
           5.7402514999999998e-01   1.3858193000000001e+00  -1.8750000007318566e+00 #xyz tv0
           5.7402514999999998e-01   1.3858193000000001e+00  -1.5000000000000000e+00 #xyz tv1
           0.0000000000000000e+00   1.5000000000000000e+00  -1.5000000000000000e+00 #xyz tv2
           1.5000000000000000e+00   3.0000000000000000e+00  -1.4999999999999967e+00 -1 44 #xyz tv3 fid bid
           5.7402514999999998e-01   1.3858193000000001e+00  -1.8750000007318566e+00 #xyz tv0
           1.0606601700000005e+00   1.0606601700000005e+00  -2.2500000000000018e+00 #xyz tv1
           5.7402514999999998e-01   1.3858193000000001e+00  -1.5000000000000000e+00 45 -1 #xyz tv2 fid bid
           5.7402514999999998e-01   1.3858193000000001e+00  -1.5000000000000000e+00 #xyz tv0
           0.0000000000000000e+00   1.5000000000000000e+00  -1.5000000000000000e+00 #xyz tv1
           5.7402514999999998e-01   1.3858193000000001e+00  -1.8750000007318566e+00 45 -1 #xyz tv2 fid bid
           5.7402514999999998e-01   1.3858193000000001e+00  -1.5000000000000000e+00 #xyz ev0
           5.7402514999999998e-01   1.3858193000000001e+00  -1.8750000007318566e+00 -1 44 #xyz ev1 fid bid
   0   0.000000000000e+00   0.000000000000e+00   0.000000000000e+00 #flag location
END_ERR 
G3dErrFileVersion 2025R1
FlagFileMetaData Begin
   Mesh Size - Auto1, Refinement, Pass #3, Freq. 2.400000e+09 :Title    
   Listing of mesh elements with poor quality. :ToolTip  
   hf3d :Author   
   1754056757 :TimeStamp
   mm :UnitName 
   1.0000000000000000e-03 :UnitConv
FlagFileMetaData End
BEGIN_ERR 
26 Small mesh segment detected on body : Cylinder1_1
 Small mesh segment detected on body : Cylinder1_1 
 Segment Statistics - Number of Segments : 1 --- Segment length(s) : 0.375000mm. The cutoff frequency for S-Matrix Only Solve is 2.16842842597317MHz 
2 -1  45  # nfids, fids[]
2 44  -1  # nbids, bids[]
      4 2 1 0 #ntets ntri ned npts
           5.7402514999999998e-01   1.3858193000000001e+00  -1.8750000007318566e+00 #xyz tv0
           1.0606601700000005e+00   1.0606601700000005e+00  -2.2500000000000018e+00 #xyz tv1
           1.3858193000000001e+00   5.7402514999999998e-01  -1.5000000000000000e+00 #xyz tv2
           5.7402514999999998e-01   1.3858193000000001e+00  -1.5000000000000000e+00 -1 44 #xyz tv3 fid bid
           5.7402514999999998e-01   1.3858193000000001e+00  -1.8750000007318566e+00 #xyz tv0
           1.3858193000000001e+00   5.7402514999999998e-01  -1.5000000000000000e+00 #xyz tv1
           0.0000000000000000e+00   1.5000000000000000e+00  -1.5000000000000000e+00 #xyz tv2
           5.7402514999999998e-01   1.3858193000000001e+00  -1.5000000000000000e+00 -1 44 #xyz tv3 fid bid
           5.7402514999999998e-01   1.3858193000000001e+00  -1.8750000007318566e+00 #xyz tv0
           1.0606601700000005e+00   1.0606601700000005e+00  -2.2500000000000018e+00 #xyz tv1
           5.7402514999999998e-01   1.3858193000000001e+00  -1.5000000000000000e+00 #xyz tv2
           1.5000000000000000e+00   3.0000000000000000e+00  -1.4999999999999967e+00 -1 44 #xyz tv3 fid bid
           5.7402514999999998e-01   1.3858193000000001e+00  -1.8750000007318566e+00 #xyz tv0
           5.7402514999999998e-01   1.3858193000000001e+00  -1.5000000000000000e+00 #xyz tv1
           0.0000000000000000e+00   1.5000000000000000e+00  -1.5000000000000000e+00 #xyz tv2
           1.5000000000000000e+00   3.0000000000000000e+00  -1.4999999999999967e+00 -1 44 #xyz tv3 fid bid
           5.7402514999999998e-01   1.3858193000000001e+00  -1.8750000007318566e+00 #xyz tv0
           1.0606601700000005e+00   1.0606601700000005e+00  -2.2500000000000018e+00 #xyz tv1
           5.7402514999999998e-01   1.3858193000000001e+00  -1.5000000000000000e+00 45 -1 #xyz tv2 fid bid
           5.7402514999999998e-01   1.3858193000000001e+00  -1.5000000000000000e+00 #xyz tv0
           0.0000000000000000e+00   1.5000000000000000e+00  -1.5000000000000000e+00 #xyz tv1
           5.7402514999999998e-01   1.3858193000000001e+00  -1.8750000007318566e+00 45 -1 #xyz tv2 fid bid
           5.7402514999999998e-01   1.3858193000000001e+00  -1.5000000000000000e+00 #xyz ev0
           5.7402514999999998e-01   1.3858193000000001e+00  -1.8750000007318566e+00 -1 44 #xyz ev1 fid bid
   0   0.000000000000e+00   0.000000000000e+00   0.000000000000e+00 #flag location
END_ERR 
G3dErrFileVersion 2025R1
FlagFileMetaData Begin
   Mesh Size - Auto1, Refinement, Pass #4, Freq. 2.400000e+09 :Title    
   Listing of mesh elements with poor quality. :ToolTip  
   hf3d :Author   
   1754056761 :TimeStamp
   mm :UnitName 
   1.0000000000000000e-03 :UnitConv
FlagFileMetaData End
BEGIN_ERR 
26 Small mesh segment detected on body : Cylinder1_1
 Small mesh segment detected on body : Cylinder1_1 
 Segment Statistics - Number of Segments : 1 --- Segment length(s) : 0.375000mm. The cutoff frequency for S-Matrix Only Solve is 2.16842842597317MHz 
2 -1  45  # nfids, fids[]
2 44  -1  # nbids, bids[]
      4 2 1 0 #ntets ntri ned npts
           5.7402514999999998e-01   1.3858193000000001e+00  -1.8750000007318566e+00 #xyz tv0
           1.0606601700000005e+00   1.0606601700000005e+00  -2.2500000000000018e+00 #xyz tv1
           1.3858193000000001e+00   5.7402514999999998e-01  -1.5000000000000000e+00 #xyz tv2
           5.7402514999999998e-01   1.3858193000000001e+00  -1.5000000000000000e+00 -1 44 #xyz tv3 fid bid
           5.7402514999999998e-01   1.3858193000000001e+00  -1.8750000007318566e+00 #xyz tv0
           1.3858193000000001e+00   5.7402514999999998e-01  -1.5000000000000000e+00 #xyz tv1
           0.0000000000000000e+00   1.5000000000000000e+00  -1.5000000000000000e+00 #xyz tv2
           5.7402514999999998e-01   1.3858193000000001e+00  -1.5000000000000000e+00 -1 44 #xyz tv3 fid bid
           5.7402514999999998e-01   1.3858193000000001e+00  -1.8750000007318566e+00 #xyz tv0
           1.0606601700000005e+00   1.0606601700000005e+00  -2.2500000000000018e+00 #xyz tv1
           5.7402514999999998e-01   1.3858193000000001e+00  -1.5000000000000000e+00 #xyz tv2
           1.4576963345135079e+00   2.9307825960386742e+00  -1.6558445894289515e+00 -1 44 #xyz tv3 fid bid
           5.7402514999999998e-01   1.3858193000000001e+00  -1.8750000007318566e+00 #xyz tv0
           5.7402514999999998e-01   1.3858193000000001e+00  -1.5000000000000000e+00 #xyz tv1
           0.0000000000000000e+00   1.5000000000000000e+00  -1.5000000000000000e+00 #xyz tv2
           1.4576963345135079e+00   2.9307825960386742e+00  -1.6558445894289515e+00 -1 44 #xyz tv3 fid bid
           5.7402514999999998e-01   1.3858193000000001e+00  -1.8750000007318566e+00 #xyz tv0
           1.0606601700000005e+00   1.0606601700000005e+00  -2.2500000000000018e+00 #xyz tv1
           5.7402514999999998e-01   1.3858193000000001e+00  -1.5000000000000000e+00 45 -1 #xyz tv2 fid bid
           5.7402514999999998e-01   1.3858193000000001e+00  -1.5000000000000000e+00 #xyz tv0
           0.0000000000000000e+00   1.5000000000000000e+00  -1.5000000000000000e+00 #xyz tv1
           5.7402514999999998e-01   1.3858193000000001e+00  -1.8750000007318566e+00 45 -1 #xyz tv2 fid bid
           5.7402514999999998e-01   1.3858193000000001e+00  -1.5000000000000000e+00 #xyz ev0
           5.7402514999999998e-01   1.3858193000000001e+00  -1.8750000007318566e+00 -1 44 #xyz ev1 fid bid
   0   0.000000000000e+00   0.000000000000e+00   0.000000000000e+00 #flag location
END_ERR 
