G3dErrFileVersion 2025R1
FlagFileMetaData Begin
   Mesh Size - Auto1, Refinement, Pass #1, Freq. 2.400000e+09 :Title    
   Listing of mesh elements with poor quality. :ToolTip  
   hf3d :Author   
   1754043781 :TimeStamp
   mm :UnitName 
   1.0000000000000000e-03 :UnitConv
FlagFileMetaData End
BEGIN_ERR 
26 Small mesh segment detected on body : RadiatingSurface
 Small mesh segment detected on body : RadiatingSurface 
 Segment Statistics - Number of Segments : 1 --- Segment length(s) : 0.187500mm. The cutoff frequency for S-Matrix Only Solve is 2.24507582115601MHz 
2 -1  61  # nfids, fids[]
2 6  -1  # nbids, bids[]
      8 2 1 0 #ntets ntri ned npts
          -7.5000000000000000e-01   0.0000000000000000e+00  -9.3749999999999900e-01 #xyz tv0
          -1.3858193000000001e+00  -5.7402514999999998e-01  -1.5000000000000002e+00 #xyz tv1
          -1.5000000000000002e+00   0.0000000000000000e+00  -7.4999999999999933e-01 #xyz tv2
          -7.5000000000000011e-01   0.0000000000000000e+00  -7.4999999999999933e-01 -1 6 #xyz tv3 fid bid
          -1.3858193000000001e+00   5.7402514999999998e-01  -1.5000000000000002e+00 #xyz tv0
          -7.5000000000000000e-01   0.0000000000000000e+00  -9.3749999999999900e-01 #xyz tv1
          -1.5000000000000002e+00   0.0000000000000000e+00  -7.4999999999999933e-01 #xyz tv2
          -7.5000000000000011e-01   0.0000000000000000e+00  -7.4999999999999933e-01 -1 6 #xyz tv3 fid bid
          -1.0606601700000005e+00  -1.0606601700000005e+00  -1.5000000000000002e+00 #xyz tv0
          -1.3858193000000001e+00  -5.7402514999999998e-01  -1.5000000000000002e+00 #xyz tv1
          -7.5000000000000000e-01   0.0000000000000000e+00  -9.3749999999999900e-01 #xyz tv2
          -7.5000000000000011e-01   0.0000000000000000e+00  -7.4999999999999933e-01 -1 6 #xyz tv3 fid bid
          -1.0606601700000005e+00   1.0606601700000005e+00  -1.5000000000000002e+00 #xyz tv0
          -7.5000000000000000e-01   0.0000000000000000e+00  -9.3749999999999900e-01 #xyz tv1
          -1.3858193000000001e+00   5.7402514999999998e-01  -1.5000000000000002e+00 #xyz tv2
          -7.5000000000000011e-01   0.0000000000000000e+00  -7.4999999999999933e-01 -1 6 #xyz tv3 fid bid
          -5.7402514999999998e-01  -1.3858193000000001e+00  -1.5000000000000002e+00 #xyz tv0
          -7.5000000000000000e-01   0.0000000000000000e+00  -9.3749999999999900e-01 #xyz tv1
          -7.5000000000000011e-01   0.0000000000000000e+00  -7.4999999999999933e-01 #xyz tv2
          -1.0606601700000005e+00  -1.0606601700000005e+00  -1.5000000000000002e+00 -1 6 #xyz tv3 fid bid
          -5.7402514999999998e-01   1.3858193000000001e+00  -1.5000000000000002e+00 #xyz tv0
          -7.5000000000000000e-01   0.0000000000000000e+00  -9.3749999999999900e-01 #xyz tv1
          -1.0606601700000005e+00   1.0606601700000005e+00  -1.5000000000000002e+00 #xyz tv2
          -7.5000000000000011e-01   0.0000000000000000e+00  -7.4999999999999933e-01 -1 6 #xyz tv3 fid bid
          -5.7402514999999998e-01  -1.3858193000000001e+00  -1.5000000000000002e+00 #xyz tv0
          -7.5000000000000011e-01   0.0000000000000000e+00  -7.4999999999999933e-01 #xyz tv1
          -7.5000000000000000e-01   0.0000000000000000e+00  -9.3749999999999900e-01 #xyz tv2
           0.0000000000000000e+00   0.0000000000000000e+00  -3.7499999999999828e-01 -1 6 #xyz tv3 fid bid
          -5.7402514999999998e-01   1.3858193000000001e+00  -1.5000000000000002e+00 #xyz tv0
           0.0000000000000000e+00   0.0000000000000000e+00  -3.7499999999999828e-01 #xyz tv1
          -7.5000000000000000e-01   0.0000000000000000e+00  -9.3749999999999900e-01 #xyz tv2
          -7.5000000000000011e-01   0.0000000000000000e+00  -7.4999999999999933e-01 -1 6 #xyz tv3 fid bid
          -7.5000000000000000e-01   0.0000000000000000e+00  -9.3749999999999900e-01 #xyz tv0
           0.0000000000000000e+00   0.0000000000000000e+00  -3.7499999999999828e-01 #xyz tv1
          -7.5000000000000011e-01   0.0000000000000000e+00  -7.4999999999999933e-01 61 -1 #xyz tv2 fid bid
          -1.5000000000000002e+00   0.0000000000000000e+00  -7.4999999999999933e-01 #xyz tv0
          -7.5000000000000000e-01   0.0000000000000000e+00  -9.3749999999999900e-01 #xyz tv1
          -7.5000000000000011e-01   0.0000000000000000e+00  -7.4999999999999933e-01 61 -1 #xyz tv2 fid bid
          -7.5000000000000011e-01   0.0000000000000000e+00  -7.4999999999999933e-01 #xyz ev0
          -7.5000000000000000e-01   0.0000000000000000e+00  -9.3749999999999900e-01 -1 6 #xyz ev1 fid bid
   0   0.000000000000e+00   0.000000000000e+00   0.000000000000e+00 #flag location
END_ERR 
G3dErrFileVersion 2025R1
FlagFileMetaData Begin
   Mesh Size - Auto1, Refinement, Pass #2, Freq. 2.400000e+09 :Title    
   Listing of mesh elements with poor quality. :ToolTip  
   hf3d :Author   
   1754043785 :TimeStamp
   mm :UnitName 
   1.0000000000000000e-03 :UnitConv
FlagFileMetaData End
BEGIN_ERR 
26 Small mesh segment detected on body : RadiatingSurface
 Small mesh segment detected on body : RadiatingSurface 
 Segment Statistics - Number of Segments : 1 --- Segment length(s) : 0.335660mm. The cutoff frequency for S-Matrix Only Solve is 2.24507582115601MHz 
2 -1  61  # nfids, fids[]
2 6  -1  # nbids, bids[]
      7 2 1 0 #ntets ntri ned npts
          -1.0606601700000005e+00   1.0606601700000005e+00  -1.5000000000000002e+00 #xyz tv0
          -7.5802469135802486e-01   0.0000000000000000e+00  -9.4552469135802353e-01 #xyz tv1
          -1.5000000000000002e+00   0.0000000000000000e+00  -7.4999999999999933e-01 #xyz tv2
          -8.0000000000000016e-01   0.0000000000000000e+00  -6.1249999999999927e-01 -1 6 #xyz tv3 fid bid
          -7.5802469135802486e-01   0.0000000000000000e+00  -9.4552469135802353e-01 #xyz tv0
          -1.3858193000000001e+00  -5.7402514999999998e-01  -1.5000000000000002e+00 #xyz tv1
          -1.5000000000000002e+00   0.0000000000000000e+00  -7.4999999999999933e-01 #xyz tv2
          -8.0000000000000016e-01   0.0000000000000000e+00  -6.1249999999999927e-01 -1 6 #xyz tv3 fid bid
          -5.7402514999999998e-01   1.3858193000000001e+00  -1.5000000000000002e+00 #xyz tv0
          -7.5802469135802486e-01   0.0000000000000000e+00  -9.4552469135802353e-01 #xyz tv1
          -1.0606601700000005e+00   1.0606601700000005e+00  -1.5000000000000002e+00 #xyz tv2
          -8.0000000000000016e-01   0.0000000000000000e+00  -6.1249999999999927e-01 -1 6 #xyz tv3 fid bid
          -1.0606601700000005e+00  -1.0606601700000005e+00  -1.5000000000000002e+00 #xyz tv0
          -1.3858193000000001e+00  -5.7402514999999998e-01  -1.5000000000000002e+00 #xyz tv1
          -7.5802469135802486e-01   0.0000000000000000e+00  -9.4552469135802353e-01 #xyz tv2
          -8.0000000000000016e-01   0.0000000000000000e+00  -6.1249999999999927e-01 -1 6 #xyz tv3 fid bid
          -5.7402514999999998e-01   1.3858193000000001e+00  -1.5000000000000002e+00 #xyz tv0
           0.0000000000000000e+00   0.0000000000000000e+00  -3.7499999999999828e-01 #xyz tv1
          -7.5802469135802486e-01   0.0000000000000000e+00  -9.4552469135802353e-01 #xyz tv2
          -8.0000000000000016e-01   0.0000000000000000e+00  -6.1249999999999927e-01 -1 6 #xyz tv3 fid bid
          -5.7402514999999998e-01  -1.3858193000000001e+00  -1.5000000000000002e+00 #xyz tv0
          -7.5802469135802486e-01   0.0000000000000000e+00  -9.4552469135802353e-01 #xyz tv1
          -8.0000000000000016e-01   0.0000000000000000e+00  -6.1249999999999927e-01 #xyz tv2
          -1.0606601700000005e+00  -1.0606601700000005e+00  -1.5000000000000002e+00 -1 6 #xyz tv3 fid bid
          -5.7402514999999998e-01  -1.3858193000000001e+00  -1.5000000000000002e+00 #xyz tv0
          -8.0000000000000016e-01   0.0000000000000000e+00  -6.1249999999999927e-01 #xyz tv1
          -7.5802469135802486e-01   0.0000000000000000e+00  -9.4552469135802353e-01 #xyz tv2
           0.0000000000000000e+00   0.0000000000000000e+00  -3.7499999999999828e-01 -1 6 #xyz tv3 fid bid
          -7.5802469135802486e-01   0.0000000000000000e+00  -9.4552469135802353e-01 #xyz tv0
           0.0000000000000000e+00   0.0000000000000000e+00  -3.7499999999999828e-01 #xyz tv1
          -8.0000000000000016e-01   0.0000000000000000e+00  -6.1249999999999927e-01 61 -1 #xyz tv2 fid bid
          -1.5000000000000002e+00   0.0000000000000000e+00  -7.4999999999999933e-01 #xyz tv0
          -7.5802469135802486e-01   0.0000000000000000e+00  -9.4552469135802353e-01 #xyz tv1
          -8.0000000000000016e-01   0.0000000000000000e+00  -6.1249999999999927e-01 61 -1 #xyz tv2 fid bid
          -8.0000000000000016e-01   0.0000000000000000e+00  -6.1249999999999927e-01 #xyz ev0
          -7.5802469135802486e-01   0.0000000000000000e+00  -9.4552469135802353e-01 -1 6 #xyz ev1 fid bid
   0   0.000000000000e+00   0.000000000000e+00   0.000000000000e+00 #flag location
END_ERR 
G3dErrFileVersion 2025R1
FlagFileMetaData Begin
   Mesh Size - Auto1, Refinement, Pass #3, Freq. 2.400000e+09 :Title    
   Listing of mesh elements with poor quality. :ToolTip  
   hf3d :Author   
   1754043788 :TimeStamp
   mm :UnitName 
   1.0000000000000000e-03 :UnitConv
FlagFileMetaData End
BEGIN_ERR 
26 Small mesh segment detected on body : RadiatingSurface
 Small mesh segment detected on body : RadiatingSurface 
 Segment Statistics - Number of Segments : 1 --- Segment length(s) : 0.337039mm. The cutoff frequency for S-Matrix Only Solve is 2.24507582115601MHz 
2 -1  61  # nfids, fids[]
2 6  -1  # nbids, bids[]
      6 2 1 0 #ntets ntri ned npts
          -1.0606601700000005e+00  -1.0606601700000005e+00  -1.5000000000000002e+00 #xyz tv0
          -1.5000000000000002e+00   0.0000000000000000e+00  -7.4999999999999933e-01 #xyz tv1
          -7.5960981557689400e-01   0.0000000000000000e+00  -9.4710981557689244e-01 #xyz tv2
          -8.0000000000000016e-01   0.0000000000000000e+00  -6.1249999999999938e-01 -1 6 #xyz tv3 fid bid
          -1.0606601700000005e+00   1.0606601700000005e+00  -1.5000000000000002e+00 #xyz tv0
          -7.5960981557689400e-01   0.0000000000000000e+00  -9.4710981557689244e-01 #xyz tv1
          -1.5000000000000002e+00   0.0000000000000000e+00  -7.4999999999999933e-01 #xyz tv2
          -8.0000000000000016e-01   0.0000000000000000e+00  -6.1249999999999938e-01 -1 6 #xyz tv3 fid bid
          -5.7402514999999998e-01  -1.3858193000000001e+00  -1.5000000000000002e+00 #xyz tv0
          -7.5960981557689400e-01   0.0000000000000000e+00  -9.4710981557689244e-01 #xyz tv1
          -8.0000000000000016e-01   0.0000000000000000e+00  -6.1249999999999938e-01 #xyz tv2
          -1.0606601700000005e+00  -1.0606601700000005e+00  -1.5000000000000002e+00 -1 6 #xyz tv3 fid bid
          -5.7402514999999998e-01   1.3858193000000001e+00  -1.5000000000000002e+00 #xyz tv0
          -7.5960981557689400e-01   0.0000000000000000e+00  -9.4710981557689244e-01 #xyz tv1
          -1.0606601700000005e+00   1.0606601700000005e+00  -1.5000000000000002e+00 #xyz tv2
          -8.0000000000000016e-01   0.0000000000000000e+00  -6.1249999999999938e-01 -1 6 #xyz tv3 fid bid
          -5.7402514999999998e-01  -1.3858193000000001e+00  -1.5000000000000002e+00 #xyz tv0
          -8.0000000000000016e-01   0.0000000000000000e+00  -6.1249999999999938e-01 #xyz tv1
          -7.5960981557689400e-01   0.0000000000000000e+00  -9.4710981557689244e-01 #xyz tv2
           0.0000000000000000e+00   0.0000000000000000e+00  -3.7499999999999828e-01 -1 6 #xyz tv3 fid bid
          -5.7402514999999998e-01   1.3858193000000001e+00  -1.5000000000000002e+00 #xyz tv0
           0.0000000000000000e+00   0.0000000000000000e+00  -3.7499999999999828e-01 #xyz tv1
          -7.5960981557689400e-01   0.0000000000000000e+00  -9.4710981557689244e-01 #xyz tv2
          -8.0000000000000016e-01   0.0000000000000000e+00  -6.1249999999999938e-01 -1 6 #xyz tv3 fid bid
          -7.5960981557689400e-01   0.0000000000000000e+00  -9.4710981557689244e-01 #xyz tv0
           0.0000000000000000e+00   0.0000000000000000e+00  -3.7499999999999828e-01 #xyz tv1
          -8.0000000000000016e-01   0.0000000000000000e+00  -6.1249999999999938e-01 61 -1 #xyz tv2 fid bid
          -1.5000000000000002e+00   0.0000000000000000e+00  -7.4999999999999933e-01 #xyz tv0
          -7.5960981557689400e-01   0.0000000000000000e+00  -9.4710981557689244e-01 #xyz tv1
          -8.0000000000000016e-01   0.0000000000000000e+00  -6.1249999999999938e-01 61 -1 #xyz tv2 fid bid
          -8.0000000000000016e-01   0.0000000000000000e+00  -6.1249999999999938e-01 #xyz ev0
          -7.5960981557689400e-01   0.0000000000000000e+00  -9.4710981557689244e-01 -1 6 #xyz ev1 fid bid
   0   0.000000000000e+00   0.000000000000e+00   0.000000000000e+00 #flag location
END_ERR 
G3dErrFileVersion 2025R1
FlagFileMetaData Begin
   Mesh Size - Auto1, Refinement, Pass #4, Freq. 2.400000e+09 :Title    
   Listing of mesh elements with poor quality. :ToolTip  
   hf3d :Author   
   1754043792 :TimeStamp
   mm :UnitName 
   1.0000000000000000e-03 :UnitConv
FlagFileMetaData End
BEGIN_ERR 
26 Small mesh segment detected on body : RadiatingSurface
 Small mesh segment detected on body : RadiatingSurface 
 Segment Statistics - Number of Segments : 1 --- Segment length(s) : 0.337228mm. The cutoff frequency for S-Matrix Only Solve is 2.24507582115601MHz 
2 -1  61  # nfids, fids[]
2 6  -1  # nbids, bids[]
      6 2 1 0 #ntets ntri ned npts
          -1.0606601700000005e+00  -1.0606601700000005e+00  -1.5000000000000002e+00 #xyz tv0
          -1.5000000000000002e+00   0.0000000000000000e+00  -7.4999999999999933e-01 #xyz tv1
          -7.5982658470084186e-01   0.0000000000000000e+00  -9.4732658470084052e-01 #xyz tv2
          -8.0000000000000016e-01   0.0000000000000000e+00  -6.1249999999999949e-01 -1 6 #xyz tv3 fid bid
          -1.0606601700000005e+00   1.0606601700000005e+00  -1.5000000000000002e+00 #xyz tv0
          -7.5982658470084186e-01   0.0000000000000000e+00  -9.4732658470084052e-01 #xyz tv1
          -1.5000000000000002e+00   0.0000000000000000e+00  -7.4999999999999933e-01 #xyz tv2
          -8.0000000000000016e-01   0.0000000000000000e+00  -6.1249999999999949e-01 -1 6 #xyz tv3 fid bid
          -5.7402514999999998e-01  -1.3858193000000001e+00  -1.5000000000000002e+00 #xyz tv0
          -7.5982658470084186e-01   0.0000000000000000e+00  -9.4732658470084052e-01 #xyz tv1
          -8.0000000000000016e-01   0.0000000000000000e+00  -6.1249999999999949e-01 #xyz tv2
          -1.0606601700000005e+00  -1.0606601700000005e+00  -1.5000000000000002e+00 -1 6 #xyz tv3 fid bid
          -5.7402514999999998e-01   1.3858193000000001e+00  -1.5000000000000002e+00 #xyz tv0
          -7.5982658470084186e-01   0.0000000000000000e+00  -9.4732658470084052e-01 #xyz tv1
          -1.0606601700000005e+00   1.0606601700000005e+00  -1.5000000000000002e+00 #xyz tv2
          -8.0000000000000016e-01   0.0000000000000000e+00  -6.1249999999999949e-01 -1 6 #xyz tv3 fid bid
          -5.7402514999999998e-01  -1.3858193000000001e+00  -1.5000000000000002e+00 #xyz tv0
          -8.0000000000000016e-01   0.0000000000000000e+00  -6.1249999999999949e-01 #xyz tv1
          -7.5982658470084186e-01   0.0000000000000000e+00  -9.4732658470084052e-01 #xyz tv2
           0.0000000000000000e+00   0.0000000000000000e+00  -3.7499999999999828e-01 -1 6 #xyz tv3 fid bid
          -5.7402514999999998e-01   1.3858193000000001e+00  -1.5000000000000002e+00 #xyz tv0
           0.0000000000000000e+00   0.0000000000000000e+00  -3.7499999999999828e-01 #xyz tv1
          -7.5982658470084186e-01   0.0000000000000000e+00  -9.4732658470084052e-01 #xyz tv2
          -8.0000000000000016e-01   0.0000000000000000e+00  -6.1249999999999949e-01 -1 6 #xyz tv3 fid bid
          -7.5982658470084186e-01   0.0000000000000000e+00  -9.4732658470084052e-01 #xyz tv0
           0.0000000000000000e+00   0.0000000000000000e+00  -3.7499999999999828e-01 #xyz tv1
          -8.0000000000000016e-01   0.0000000000000000e+00  -6.1249999999999949e-01 61 -1 #xyz tv2 fid bid
          -1.5000000000000002e+00   0.0000000000000000e+00  -7.4999999999999933e-01 #xyz tv0
          -7.5982658470084186e-01   0.0000000000000000e+00  -9.4732658470084052e-01 #xyz tv1
          -8.0000000000000016e-01   0.0000000000000000e+00  -6.1249999999999949e-01 61 -1 #xyz tv2 fid bid
          -8.0000000000000016e-01   0.0000000000000000e+00  -6.1249999999999949e-01 #xyz ev0
          -7.5982658470084186e-01   0.0000000000000000e+00  -9.4732658470084052e-01 -1 6 #xyz ev1 fid bid
   0   0.000000000000e+00   0.000000000000e+00   0.000000000000e+00 #flag location
END_ERR 
