G3dErrFileVersion 2025R1
FlagFileMetaData Begin
   Mesh Size - Auto1, Refinement, Pass #1, Freq. 2.400000e+09 :Title    
   Listing of mesh elements with poor quality. :ToolTip  
   hf3d :Author   
   1754041310 :TimeStamp
   mm :UnitName 
   1.0000000000000000e-03 :UnitConv
FlagFileMetaData End
BEGIN_ERR 
26 Small mesh segment detected on body : RadiatingSurface
 Small mesh segment detected on body : RadiatingSurface 
 Segment Statistics - Number of Segments : 1 --- Segment length(s) : 0.187500mm. The cutoff frequency for S-Matrix Only Solve is 2.01428303238458MHz 
2 -1  61  # nfids, fids[]
2 6  -1  # nbids, bids[]
      10 2 1 0 #ntets ntri ned npts
           1.3858192999999999e+00  -5.7402514999999998e-01   1.5000000000000000e+00 #xyz tv0
           7.5000000000000000e-01   0.0000000000000000e+00   7.5000000000000000e-01 #xyz tv1
           7.5000000000000000e-01   0.0000000000000000e+00   9.3750000000000000e-01 #xyz tv2
           1.0606601700000005e+00  -1.0606601700000005e+00   1.5000000000000000e+00 -1 6 #xyz tv3 fid bid
           1.3858192999999999e+00  -5.7402514999999998e-01   1.5000000000000000e+00 #xyz tv0
           7.5000000000000000e-01   0.0000000000000000e+00   9.3750000000000000e-01 #xyz tv1
           7.5000000000000000e-01   0.0000000000000000e+00   7.5000000000000000e-01 #xyz tv2
           1.5000000000000000e+00   0.0000000000000000e+00   7.5000000000000000e-01 -1 6 #xyz tv3 fid bid
           5.7402514999999998e-01  -1.3858192999999999e+00   1.5000000000000000e+00 #xyz tv0
           7.5000000000000000e-01   0.0000000000000000e+00   9.3750000000000000e-01 #xyz tv1
           7.5000000000000000e-01   0.0000000000000000e+00   7.5000000000000000e-01 #xyz tv2
           1.0606601700000005e+00  -1.0606601700000005e+00   1.5000000000000000e+00 -1 6 #xyz tv3 fid bid
           1.3858192999999999e+00   5.7402514999999998e-01   1.5000000000000000e+00 #xyz tv0
           7.5000000000000000e-01   0.0000000000000000e+00   9.3750000000000000e-01 #xyz tv1
           1.5000000000000000e+00   0.0000000000000000e+00   7.5000000000000000e-01 #xyz tv2
           7.5000000000000000e-01   0.0000000000000000e+00   7.5000000000000000e-01 -1 6 #xyz tv3 fid bid
           0.0000000000000000e+00  -1.5000000000000000e+00   1.5000000000000000e+00 #xyz tv0
           7.5000000000000000e-01   0.0000000000000000e+00   9.3750000000000000e-01 #xyz tv1
           7.5000000000000000e-01   0.0000000000000000e+00   7.5000000000000000e-01 #xyz tv2
           5.7402514999999998e-01  -1.3858192999999999e+00   1.5000000000000000e+00 -1 6 #xyz tv3 fid bid
           1.0606601700000005e+00   1.0606601700000005e+00   1.5000000000000000e+00 #xyz tv0
           7.5000000000000000e-01   0.0000000000000000e+00   7.5000000000000000e-01 #xyz tv1
           7.5000000000000000e-01   0.0000000000000000e+00   9.3750000000000000e-01 #xyz tv2
           1.3858192999999999e+00   5.7402514999999998e-01   1.5000000000000000e+00 -1 6 #xyz tv3 fid bid
          -5.7402514999999998e-01  -1.3858192999999999e+00   1.5000000000000000e+00 #xyz tv0
           0.0000000000000000e+00  -1.5000000000000000e+00   1.5000000000000000e+00 #xyz tv1
           7.5000000000000000e-01   0.0000000000000000e+00   9.3750000000000000e-01 #xyz tv2
           7.5000000000000000e-01   0.0000000000000000e+00   7.5000000000000000e-01 -1 6 #xyz tv3 fid bid
           7.5000000000000000e-01   0.0000000000000000e+00   9.3750000000000000e-01 #xyz tv0
           1.0606601700000005e+00   1.0606601700000005e+00   1.5000000000000000e+00 #xyz tv1
           0.0000000000000000e+00   0.0000000000000000e+00   7.5000000000000000e-01 #xyz tv2
           7.5000000000000000e-01   0.0000000000000000e+00   7.5000000000000000e-01 -1 6 #xyz tv3 fid bid
          -5.7402514999999998e-01  -1.3858192999999999e+00   1.5000000000000000e+00 #xyz tv0
           7.5000000000000000e-01   0.0000000000000000e+00   9.3750000000000000e-01 #xyz tv1
          -1.0606601700000005e+00  -1.0606601700000005e+00   1.5000000000000000e+00 #xyz tv2
           7.5000000000000000e-01   0.0000000000000000e+00   7.5000000000000000e-01 -1 6 #xyz tv3 fid bid
           7.5000000000000000e-01   0.0000000000000000e+00   9.3750000000000000e-01 #xyz tv0
           0.0000000000000000e+00   0.0000000000000000e+00   7.5000000000000000e-01 #xyz tv1
          -1.0606601700000005e+00  -1.0606601700000005e+00   1.5000000000000000e+00 #xyz tv2
           7.5000000000000000e-01   0.0000000000000000e+00   7.5000000000000000e-01 -1 6 #xyz tv3 fid bid
           0.0000000000000000e+00   0.0000000000000000e+00   7.5000000000000000e-01 #xyz tv0
           7.5000000000000000e-01   0.0000000000000000e+00   9.3750000000000000e-01 #xyz tv1
           7.5000000000000000e-01   0.0000000000000000e+00   7.5000000000000000e-01 61 -1 #xyz tv2 fid bid
           7.5000000000000000e-01   0.0000000000000000e+00   9.3750000000000000e-01 #xyz tv0
           1.5000000000000000e+00   0.0000000000000000e+00   7.5000000000000000e-01 #xyz tv1
           7.5000000000000000e-01   0.0000000000000000e+00   7.5000000000000000e-01 61 -1 #xyz tv2 fid bid
           7.5000000000000000e-01   0.0000000000000000e+00   9.3750000000000000e-01 #xyz ev0
           7.5000000000000000e-01   0.0000000000000000e+00   7.5000000000000000e-01 -1 6 #xyz ev1 fid bid
   0   0.000000000000e+00   0.000000000000e+00   0.000000000000e+00 #flag location
END_ERR 
G3dErrFileVersion 2025R1
FlagFileMetaData Begin
   Mesh Size - Auto1, Refinement, Pass #2, Freq. 2.400000e+09 :Title    
   Listing of mesh elements with poor quality. :ToolTip  
   hf3d :Author   
   1754041313 :TimeStamp
   mm :UnitName 
   1.0000000000000000e-03 :UnitConv
FlagFileMetaData End
BEGIN_ERR 
26 Small mesh segment detected on body : Cylinder1_1
 Small mesh segment detected on body : Cylinder1_1 
 Segment Statistics - Number of Segments : 1 --- Segment length(s) : 0.256300mm. The cutoff frequency for S-Matrix Only Solve is 2.01428303238458MHz 
2 -1  45  # nfids, fids[]
2 44  -1  # nbids, bids[]
      4 2 1 0 #ntets ntri ned npts
           1.0606601700000005e+00  -1.0606601700000005e+00  -3.2493699891809449e+01 #xyz tv0
           1.0606601700000005e+00  -1.0606601700000005e+00  -3.2750000000000000e+01 #xyz tv1
          -5.7402514999999998e-01  -1.3858192999999999e+00  -3.1654135800772558e+01 #xyz tv2
           5.7402514999999998e-01  -1.3858192999999999e+00  -3.1500000000000000e+01 -1 44 #xyz tv3 fid bid
           1.0606601700000005e+00  -1.0606601700000005e+00  -3.2493699891809449e+01 #xyz tv0
           1.0606601700000005e+00  -1.0606601700000005e+00  -3.2750000000000000e+01 #xyz tv1
           1.3858192999999999e+00  -5.7402514999999998e-01  -3.2750000000000000e+01 #xyz tv2
          -5.7402514999999998e-01  -1.3858192999999999e+00  -3.1654135800772558e+01 -1 44 #xyz tv3 fid bid
           1.0606601700000005e+00  -1.0606601700000005e+00  -3.2493699891809449e+01 #xyz tv0
           1.0606601700000005e+00  -1.0606601700000005e+00  -3.2750000000000000e+01 #xyz tv1
           5.7402514999999998e-01  -1.3858192999999999e+00  -3.1500000000000000e+01 #xyz tv2
           1.4999999999999998e+00  -1.5000000000000002e+00  -3.4500000000000000e+01 -1 44 #xyz tv3 fid bid
           1.0606601700000005e+00  -1.0606601700000005e+00  -3.2493699891809449e+01 #xyz tv0
           1.3858192999999999e+00  -5.7402514999999998e-01  -3.2750000000000000e+01 #xyz tv1
           1.0606601700000005e+00  -1.0606601700000005e+00  -3.2750000000000000e+01 #xyz tv2
           1.4999999999999998e+00  -1.5000000000000002e+00  -3.4500000000000000e+01 -1 44 #xyz tv3 fid bid
           1.0606601700000005e+00  -1.0606601700000005e+00  -3.2750000000000000e+01 #xyz tv0
           1.0606601700000005e+00  -1.0606601700000005e+00  -3.2493699891809449e+01 #xyz tv1
           1.3858192999999999e+00  -5.7402514999999998e-01  -3.2750000000000000e+01 45 -1 #xyz tv2 fid bid
           5.7402514999999998e-01  -1.3858192999999999e+00  -3.1500000000000000e+01 #xyz tv0
           1.0606601700000005e+00  -1.0606601700000005e+00  -3.2493699891809449e+01 #xyz tv1
           1.0606601700000005e+00  -1.0606601700000005e+00  -3.2750000000000000e+01 45 -1 #xyz tv2 fid bid
           1.0606601700000005e+00  -1.0606601700000005e+00  -3.2750000000000000e+01 #xyz ev0
           1.0606601700000005e+00  -1.0606601700000005e+00  -3.2493699891809449e+01 -1 44 #xyz ev1 fid bid
   0   0.000000000000e+00   0.000000000000e+00   0.000000000000e+00 #flag location
END_ERR 
G3dErrFileVersion 2025R1
FlagFileMetaData Begin
   Mesh Size - Auto1, Refinement, Pass #3, Freq. 2.400000e+09 :Title    
   Listing of mesh elements with poor quality. :ToolTip  
   hf3d :Author   
   1754041316 :TimeStamp
   mm :UnitName 
   1.0000000000000000e-03 :UnitConv
FlagFileMetaData End
BEGIN_ERR 
26 Small mesh segment detected on body : Cylinder1_1
 Small mesh segment detected on body : Cylinder1_1 
 Segment Statistics - Number of Segments : 1 --- Segment length(s) : 0.256300mm. The cutoff frequency for S-Matrix Only Solve is 2.01428303238458MHz 
2 -1  45  # nfids, fids[]
2 44  -1  # nbids, bids[]
      4 2 1 0 #ntets ntri ned npts
           1.0606601700000005e+00  -1.0606601700000005e+00  -3.2493699891809449e+01 #xyz tv0
           1.0606601700000005e+00  -1.0606601700000005e+00  -3.2750000000000000e+01 #xyz tv1
          -5.7402514999999998e-01  -1.3858192999999999e+00  -3.1654135800772558e+01 #xyz tv2
           5.7402514999999998e-01  -1.3858192999999999e+00  -3.1500000000000000e+01 -1 44 #xyz tv3 fid bid
           1.0606601700000005e+00  -1.0606601700000005e+00  -3.2493699891809449e+01 #xyz tv0
           1.0606601700000005e+00  -1.0606601700000005e+00  -3.2750000000000000e+01 #xyz tv1
           1.3858192999999999e+00  -5.7402514999999998e-01  -3.2750000000000000e+01 #xyz tv2
          -5.7402514999999998e-01  -1.3858192999999999e+00  -3.1654135800772558e+01 -1 44 #xyz tv3 fid bid
           1.0606601700000005e+00  -1.0606601700000005e+00  -3.2493699891809449e+01 #xyz tv0
           1.0606601700000005e+00  -1.0606601700000005e+00  -3.2750000000000000e+01 #xyz tv1
           5.7402514999999998e-01  -1.3858192999999999e+00  -3.1500000000000000e+01 #xyz tv2
           1.4999999999999998e+00  -1.5000000000000002e+00  -3.4500000000000000e+01 -1 44 #xyz tv3 fid bid
           1.0606601700000005e+00  -1.0606601700000005e+00  -3.2493699891809449e+01 #xyz tv0
           1.3858192999999999e+00  -5.7402514999999998e-01  -3.2750000000000000e+01 #xyz tv1
           1.0606601700000005e+00  -1.0606601700000005e+00  -3.2750000000000000e+01 #xyz tv2
           1.4999999999999998e+00  -1.5000000000000002e+00  -3.4500000000000000e+01 -1 44 #xyz tv3 fid bid
           1.0606601700000005e+00  -1.0606601700000005e+00  -3.2750000000000000e+01 #xyz tv0
           1.0606601700000005e+00  -1.0606601700000005e+00  -3.2493699891809449e+01 #xyz tv1
           1.3858192999999999e+00  -5.7402514999999998e-01  -3.2750000000000000e+01 45 -1 #xyz tv2 fid bid
           5.7402514999999998e-01  -1.3858192999999999e+00  -3.1500000000000000e+01 #xyz tv0
           1.0606601700000005e+00  -1.0606601700000005e+00  -3.2493699891809449e+01 #xyz tv1
           1.0606601700000005e+00  -1.0606601700000005e+00  -3.2750000000000000e+01 45 -1 #xyz tv2 fid bid
           1.0606601700000005e+00  -1.0606601700000005e+00  -3.2750000000000000e+01 #xyz ev0
           1.0606601700000005e+00  -1.0606601700000005e+00  -3.2493699891809449e+01 -1 44 #xyz ev1 fid bid
   0   0.000000000000e+00   0.000000000000e+00   0.000000000000e+00 #flag location
END_ERR 
G3dErrFileVersion 2025R1
FlagFileMetaData Begin
   Mesh Size - Auto1, Refinement, Pass #4, Freq. 2.400000e+09 :Title    
   Listing of mesh elements with poor quality. :ToolTip  
   hf3d :Author   
   1754041320 :TimeStamp
   mm :UnitName 
   1.0000000000000000e-03 :UnitConv
FlagFileMetaData End
BEGIN_ERR 
26 Small mesh segment detected on body : Cylinder1_1
 Small mesh segment detected on body : Cylinder1_1 
 Segment Statistics - Number of Segments : 1 --- Segment length(s) : 0.256300mm. The cutoff frequency for S-Matrix Only Solve is 2.01428303238458MHz 
2 -1  45  # nfids, fids[]
2 44  -1  # nbids, bids[]
      6 2 1 0 #ntets ntri ned npts
          -1.0606601700000005e+00  -1.0606601700000005e+00  -3.2750000000000000e+01 #xyz tv0
           0.0000000000000000e+00  -1.5000000000000000e+00  -3.2750000000000000e+01 #xyz tv1
           1.0606601700000005e+00  -1.0606601700000005e+00  -3.2493699891809449e+01 #xyz tv2
           1.0606601700000005e+00  -1.0606601700000005e+00  -3.2750000000000000e+01 -1 44 #xyz tv3 fid bid
           0.0000000000000000e+00  -1.5000000000000000e+00  -3.2750000000000000e+01 #xyz tv0
           5.7402514999999998e-01  -1.3858192999999999e+00  -3.2750000000000000e+01 #xyz tv1
           1.0606601700000005e+00  -1.0606601700000005e+00  -3.2493699891809449e+01 #xyz tv2
           1.0606601700000005e+00  -1.0606601700000005e+00  -3.2750000000000000e+01 -1 44 #xyz tv3 fid bid
          -1.0606601700000005e+00  -1.0606601700000005e+00  -3.2750000000000000e+01 #xyz tv0
           1.0606601700000005e+00  -1.0606601700000005e+00  -3.2750000000000000e+01 #xyz tv1
           1.0606601700000005e+00  -1.0606601700000005e+00  -3.2493699891809449e+01 #xyz tv2
           1.3858192999999999e+00  -5.7402514999999998e-01  -3.2750000000000000e+01 -1 44 #xyz tv3 fid bid
           5.7402514999999998e-01  -1.3858192999999999e+00  -3.2750000000000000e+01 #xyz tv0
           2.6001506152147313e-01  -4.3768466504002905e+00  -3.2639398622993987e+01 #xyz tv1
           1.0606601700000005e+00  -1.0606601700000005e+00  -3.2493699891809449e+01 #xyz tv2
           1.0606601700000005e+00  -1.0606601700000005e+00  -3.2750000000000000e+01 -1 44 #xyz tv3 fid bid
           1.3858192999999999e+00  -5.7402514999999998e-01  -3.2750000000000000e+01 #xyz tv0
           4.6982438927278558e+00  -2.0250745622374731e+00  -3.1444666625371244e+01 #xyz tv1
           1.0606601700000005e+00  -1.0606601700000005e+00  -3.2750000000000000e+01 #xyz tv2
           1.0606601700000005e+00  -1.0606601700000005e+00  -3.2493699891809449e+01 -1 44 #xyz tv3 fid bid
           1.0606601700000005e+00  -1.0606601700000005e+00  -3.2750000000000000e+01 #xyz tv0
           4.6982438927278558e+00  -2.0250745622374731e+00  -3.1444666625371244e+01 #xyz tv1
           2.6001506152147313e-01  -4.3768466504002905e+00  -3.2639398622993987e+01 #xyz tv2
           1.0606601700000005e+00  -1.0606601700000005e+00  -3.2493699891809449e+01 -1 44 #xyz tv3 fid bid
           1.0606601700000005e+00  -1.0606601700000005e+00  -3.2750000000000000e+01 #xyz tv0
           1.0606601700000005e+00  -1.0606601700000005e+00  -3.2493699891809449e+01 #xyz tv1
           1.3858192999999999e+00  -5.7402514999999998e-01  -3.2750000000000000e+01 45 -1 #xyz tv2 fid bid
           5.7402514999999998e-01  -1.3858192999999999e+00  -3.2750000000000000e+01 #xyz tv0
           1.0606601700000005e+00  -1.0606601700000005e+00  -3.2493699891809449e+01 #xyz tv1
           1.0606601700000005e+00  -1.0606601700000005e+00  -3.2750000000000000e+01 45 -1 #xyz tv2 fid bid
           1.0606601700000005e+00  -1.0606601700000005e+00  -3.2750000000000000e+01 #xyz ev0
           1.0606601700000005e+00  -1.0606601700000005e+00  -3.2493699891809449e+01 -1 44 #xyz ev1 fid bid
   0   0.000000000000e+00   0.000000000000e+00   0.000000000000e+00 #flag location
END_ERR 
G3dErrFileVersion 2025R1
FlagFileMetaData Begin
   Mesh Size - Auto1, Refinement, Pass #5, Freq. 2.400000e+09 :Title    
   Listing of mesh elements with poor quality. :ToolTip  
   hf3d :Author   
   1754041323 :TimeStamp
   mm :UnitName 
   1.0000000000000000e-03 :UnitConv
FlagFileMetaData End
BEGIN_ERR 
26 Small mesh segment detected on body : Cylinder1_1
 Small mesh segment detected on body : Cylinder1_1 
 Segment Statistics - Number of Segments : 1 --- Segment length(s) : 0.256300mm. The cutoff frequency for S-Matrix Only Solve is 2.01428303238458MHz 
2 -1  45  # nfids, fids[]
2 44  -1  # nbids, bids[]
      6 2 1 0 #ntets ntri ned npts
          -1.0606601700000005e+00  -1.0606601700000005e+00  -3.2750000000000000e+01 #xyz tv0
           0.0000000000000000e+00  -1.5000000000000000e+00  -3.2750000000000000e+01 #xyz tv1
           1.0606601700000005e+00  -1.0606601700000005e+00  -3.2493699891809449e+01 #xyz tv2
           1.0606601700000005e+00  -1.0606601700000005e+00  -3.2750000000000000e+01 -1 44 #xyz tv3 fid bid
           0.0000000000000000e+00  -1.5000000000000000e+00  -3.2750000000000000e+01 #xyz tv0
           5.7402514999999998e-01  -1.3858192999999999e+00  -3.2750000000000000e+01 #xyz tv1
           1.0606601700000005e+00  -1.0606601700000005e+00  -3.2493699891809449e+01 #xyz tv2
           1.0606601700000005e+00  -1.0606601700000005e+00  -3.2750000000000000e+01 -1 44 #xyz tv3 fid bid
          -1.0606601700000005e+00  -1.0606601700000005e+00  -3.2750000000000000e+01 #xyz tv0
           1.0606601700000005e+00  -1.0606601700000005e+00  -3.2750000000000000e+01 #xyz tv1
           1.0606601700000005e+00  -1.0606601700000005e+00  -3.2493699891809449e+01 #xyz tv2
           1.3858192999999999e+00  -5.7402514999999998e-01  -3.2750000000000000e+01 -1 44 #xyz tv3 fid bid
           1.6534938073084529e+00  -2.1407417278650782e+00  -3.2596539856367237e+01 #xyz tv0
           1.0606601700000005e+00  -1.0606601700000005e+00  -3.2493699891809449e+01 #xyz tv1
           5.7402514999999998e-01  -1.3858192999999999e+00  -3.2750000000000000e+01 #xyz tv2
           1.0606601700000005e+00  -1.0606601700000005e+00  -3.2750000000000000e+01 -1 44 #xyz tv3 fid bid
           1.0606601700000005e+00  -1.0606601700000005e+00  -3.2750000000000000e+01 #xyz tv0
           3.0991219463639279e+00  -1.7625372811187368e+00  -3.2972333312685620e+01 #xyz tv1
           1.0606601700000005e+00  -1.0606601700000005e+00  -3.2493699891809449e+01 #xyz tv2
           1.3858192999999999e+00  -5.7402514999999998e-01  -3.2750000000000000e+01 -1 44 #xyz tv3 fid bid
           1.6534938073084529e+00  -2.1407417278650782e+00  -3.2596539856367237e+01 #xyz tv0
           3.0991219463639279e+00  -1.7625372811187368e+00  -3.2972333312685620e+01 #xyz tv1
           1.0606601700000005e+00  -1.0606601700000005e+00  -3.2493699891809449e+01 #xyz tv2
           1.0606601700000005e+00  -1.0606601700000005e+00  -3.2750000000000000e+01 -1 44 #xyz tv3 fid bid
           1.0606601700000005e+00  -1.0606601700000005e+00  -3.2750000000000000e+01 #xyz tv0
           1.0606601700000005e+00  -1.0606601700000005e+00  -3.2493699891809449e+01 #xyz tv1
           1.3858192999999999e+00  -5.7402514999999998e-01  -3.2750000000000000e+01 45 -1 #xyz tv2 fid bid
           5.7402514999999998e-01  -1.3858192999999999e+00  -3.2750000000000000e+01 #xyz tv0
           1.0606601700000005e+00  -1.0606601700000005e+00  -3.2493699891809449e+01 #xyz tv1
           1.0606601700000005e+00  -1.0606601700000005e+00  -3.2750000000000000e+01 45 -1 #xyz tv2 fid bid
           1.0606601700000005e+00  -1.0606601700000005e+00  -3.2750000000000000e+01 #xyz ev0
           1.0606601700000005e+00  -1.0606601700000005e+00  -3.2493699891809449e+01 -1 44 #xyz ev1 fid bid
   0   0.000000000000e+00   0.000000000000e+00   0.000000000000e+00 #flag location
END_ERR 
